<!DOCTYPE html>
<html lang="zh-CN">
<head>
  <meta charset="utf-8" />
  <title>btc_liqprice_features_artifact Feature Diagnostics</title>
  <link rel="stylesheet" href="assets/css/theme.css" />
</head>
<body>
  <div class="page">
    <div class="topbar">
      <div>
        <div class="title">btc_liqprice_features_artifact Feature Diagnostics</div>
        <div class="subtitle">Automated validity checks and interactive statistical charts for documented BTC liquidation-price output features.</div>
      </div>
    </div>
    <div class="grid metric-grid"><div class="metric-card"><div class="metric-label">Generated At</div><div class="metric-value">2026-05-12T03:51:02.633050+00:00</div></div><div class="metric-card"><div class="metric-label">Data Range</div><div class="metric-value">2021-02-01T01:00:00+00:00 to 2026-05-12T02:00:00+00:00</div></div><div class="metric-card"><div class="metric-label">Total Samples</div><div class="metric-value">45509</div></div><div class="metric-card"><div class="metric-label">Important Features</div><div class="metric-value">9</div></div><div class="metric-card"><div class="metric-label">Existing Features</div><div class="metric-value">9</div></div><div class="metric-card"><div class="metric-label">Missing Features</div><div class="metric-value">0</div></div><div class="metric-card"><div class="metric-label">FAIL Features</div><div class="metric-value">0</div></div><div class="metric-card"><div class="metric-label">WARN Features</div><div class="metric-value">9</div></div><div class="metric-card"><div class="metric-label">PASS Features</div><div class="metric-value">0</div></div><div class="metric-card"><div class="metric-label">Median Bar Minutes</div><div class="metric-value">60.0</div></div><div class="metric-card"><div class="metric-label">Duplicate Timestamps</div><div class="metric-value">0</div></div><div class="metric-card"><div class="metric-label">Gap Anomalies</div><div class="metric-value">25</div></div></div>
    <div class="panel">
      <div class="table-toolbar">
        <div class="panel-title">Feature Summary</div>
        <input class="search" data-table-search="#summary-table" placeholder="Search feature, category, status..." />
      </div>
      <div class="table-wrap">
        <table id="summary-table" data-sortable="true">
          <thead><tr><th>feature_name</th><th>category</th><th>exists</th><th>dtype</th><th>valid_count</th><th>missing_ratio</th><th>inf_count</th><th>mean</th><th>std</th><th>min</th><th>max</th><th>p01</th><th>p50</th><th>p99</th><th>skew</th><th>kurtosis</th><th>outlier_count</th><th>constant_flag</th><th>status</th><th>detail_link</th></tr></thead>
          <tbody><tr class="row-warn"><td>fll_spike_kama</td><td>4.2 Side-specific liquidation bursts (cascade texture)</td><td>true</td><td>float64</td><td>45508</td><td>2.197368e-05</td><td>0</td><td>0.005113</td><td>0.076029</td><td>-0.268866</td><td>0.752969</td><td>-0.142911</td><td>-0.005947</td><td>0.260380</td><td>1.514054</td><td>5.982066</td><td>912</td><td>false</td><td><span class="status status-warn">WARN</span></td><td><a href="features/fll_spike_kama.html">detail</a></td></tr><tr class="row-warn"><td>fsl_spike_kama</td><td>4.2 Side-specific liquidation bursts (cascade texture)</td><td>true</td><td>float64</td><td>45508</td><td>2.197368e-05</td><td>0</td><td>0.006299</td><td>0.077028</td><td>-0.238890</td><td>1.386583</td><td>-0.140918</td><td>-0.004659</td><td>0.251348</td><td>3.286143</td><td>40.772164</td><td>912</td><td>false</td><td><span class="status status-warn">WARN</span></td><td><a href="features/fsl_spike_kama.html">detail</a></td></tr><tr class="row-warn"><td>fll_velocity_gaussian</td><td>4.2 Side-specific liquidation bursts (cascade texture)</td><td>true</td><td>float64</td><td>45508</td><td>2.197368e-05</td><td>0</td><td>-1.812842e-05</td><td>0.013978</td><td>-0.022412</td><td>0.137312</td><td>-0.019169</td><td>-0.002651</td><td>0.047052</td><td>1.499288</td><td>4.102551</td><td>912</td><td>false</td><td><span class="status status-warn">WARN</span></td><td><a href="features/fll_velocity_gaussian.html">detail</a></td></tr><tr class="row-warn"><td>fll_acceleration_gaussian</td><td>4.2 Side-specific liquidation bursts (cascade texture)</td><td>true</td><td>float64</td><td>45507</td><td>4.394735e-05</td><td>0</td><td>-1.283228e-06</td><td>0.004746</td><td>-0.032121</td><td>0.054723</td><td>-0.011264</td><td>-0.000328</td><td>0.016156</td><td>1.316834</td><td>8.031883</td><td>988</td><td>false</td><td><span class="status status-warn">WARN</span></td><td><a href="features/fll_acceleration_gaussian.html">detail</a></td></tr><tr class="row-warn"><td>fsl_velocity_gaussian</td><td>4.2 Side-specific liquidation bursts (cascade texture)</td><td>true</td><td>float64</td><td>45508</td><td>2.197368e-05</td><td>0</td><td>3.169314e-06</td><td>0.013145</td><td>-0.021450</td><td>0.305209</td><td>-0.018332</td><td>-0.002540</td><td>0.042546</td><td>1.860722</td><td>14.097379</td><td>912</td><td>false</td><td><span class="status status-warn">WARN</span></td><td><a href="features/fsl_velocity_gaussian.html">detail</a></td></tr><tr class="row-warn"><td>fsl_acceleration_gaussian</td><td>4.2 Side-specific liquidation bursts (cascade texture)</td><td>true</td><td>float64</td><td>45507</td><td>4.394735e-05</td><td>0</td><td>-6.319157e-06</td><td>0.004454</td><td>-0.167851</td><td>0.082367</td><td>-0.010397</td><td>-0.000324</td><td>0.014672</td><td>0.114340</td><td>55.718510</td><td>926</td><td>false</td><td><span class="status status-warn">WARN</span></td><td><a href="features/fsl_acceleration_gaussian.html">detail</a></td></tr><tr class="row-warn"><td>trend_pressure</td><td>4.2 Side-specific liquidation bursts (cascade texture)</td><td>true</td><td>float64</td><td>45505</td><td>8.789470e-05</td><td>0</td><td>0.010575</td><td>1.011082</td><td>-5.435997</td><td>3.931825</td><td>-2.503889</td><td>0.014584</td><td>2.528861</td><td>-0.014722</td><td>0.425124</td><td>912</td><td>false</td><td><span class="status status-warn">WARN</span></td><td><a href="features/trend_pressure.html">detail</a></td></tr><tr class="row-warn"><td>kalman_slope</td><td>4.2 Side-specific liquidation bursts (cascade texture)</td><td>true</td><td>float64</td><td>45509</td><td>0.000000</td><td>0</td><td>1.986841e-05</td><td>0.001474</td><td>-0.010806</td><td>0.009282</td><td>-0.004467</td><td>2.232308e-05</td><td>0.004209</td><td>-0.261492</td><td>4.911818</td><td>912</td><td>false</td><td><span class="status status-warn">WARN</span></td><td><a href="features/kalman_slope.html">detail</a></td></tr><tr class="row-warn"><td>vol_adaptive</td><td>4.2 Side-specific liquidation bursts (cascade texture)</td><td>true</td><td>float64</td><td>45501</td><td>0.000176</td><td>0</td><td>0.005309</td><td>0.003538</td><td>0.000395</td><td>0.072366</td><td>0.001076</td><td>0.004460</td><td>0.018283</td><td>3.178088</td><td>24.502390</td><td>910</td><td>false</td><td><span class="status status-warn">WARN</span></td><td><a href="features/vol_adaptive.html">detail</a></td></tr></tbody>
        </table>
      </div>
    </div>
    <div class="panel">
      <div class="panel-title">Correlation Diagnostics</div>
      <div class="note">Correlations are diagnostic only and should not be read as confirmed predictive power.</div>
      <div class="plot"><div>                            <div id="ccc2469a-b13c-40d6-85a0-e146eccf1017" class="plotly-graph-div" style="height:710px; width:100%;"></div>            <script type="text/javascript">                                    window.PLOTLYENV=window.PLOTLYENV || {};                                    if (document.getElementById("ccc2469a-b13c-40d6-85a0-e146eccf1017")) {                    Plotly.newPlot(                        "ccc2469a-b13c-40d6-85a0-e146eccf1017",                        [{"colorbar":{"title":{"text":"corr"}},"colorscale":[[0.0,"#FF3B5C"],[0.5,"#101827"],[1.0,"#39FF88"]],"hovertemplate":"x=%{x}<br>y=%{y}<br>corr=%{z:.4f}<extra></extra>","x":["fll_spike_kama","fsl_spike_kama","fll_velocity_gaussian","fll_acceleration_gaussian","fsl_velocity_gaussian","fsl_acceleration_gaussian","trend_pressure","kalman_slope","vol_adaptive","price","return_1bar","future_return_1bar","future_return_3bar","future_return_6bar"],"y":["fll_spike_kama","fsl_spike_kama","fll_velocity_gaussian","fll_acceleration_gaussian","fsl_velocity_gaussian","fsl_acceleration_gaussian","trend_pressure","kalman_slope","vol_adaptive","price","return_1bar","future_return_1bar","future_return_3bar","future_return_6bar"],"z":[[1.0,0.24831530880402997,0.7424989952986258,-0.1776285508412051,0.19495884647877337,-0.01879496100367782,-0.06693986238533467,-0.26997608410191076,0.15711750944610192,0.012090784008490979,-0.0069840673938886015,-0.004164940943490866,-0.004225956732591764,-0.0004605822668028193],[0.24831530880402997,1.0,0.19083379500852624,-0.03276315659459042,0.7010599281172125,-0.17193236731742864,0.048456689379087925,0.1378514561723534,0.17172161170108383,0.00030994673055777954,0.0036935496255587315,0.0029641040478375737,0.006817230175378572,0.014135011231407002],[0.7424989952986258,0.19083379500852624,1.0,0.16926137996594973,0.24108707150092326,0.02178507276917122,-0.14865543966041414,-0.24966034703672485,0.2458651181476995,-0.002339179851242222,-0.01051306572113874,-0.006764571519264325,-0.010431737476028673,-0.010831828723616101],[-0.1776285508412051,-0.03276315659459042,0.16926137996594973,1.0,-0.009699648470433066,0.052168716663109106,-0.26937030697149716,0.028734317719748544,0.05243712844031554,0.00041905427191266445,-0.011291194769543858,-0.002060373701229185,-0.004347019883728126,-0.004926372714544698],[0.19495884647877337,0.7010599281172125,0.24108707150092326,-0.009699648470433066,1.0,0.15584537460613473,0.1317579577338722,0.12533241112454954,0.2785903230008271,-0.004808618104502748,0.004681790913807936,0.0004162917793753314,0.00021328146425962218,0.0012185607237305744],[-0.01879496100367782,-0.17193236731742864,0.02178507276917122,0.052168716663109106,0.15584537460613473,1.0,0.25289586622287386,-0.04527526612376915,0.06001048761011838,0.0010362670206058857,0.011297000229909622,0.00034052354800255476,0.0017250633271594638,-0.0018839850235258884],[-0.06693986238533467,0.048456689379087925,-0.14865543966041414,-0.26937030697149716,0.1317579577338722,0.25289586622287386,1.0,0.27987433674277584,-0.0049960555976287,0.011420889279189429,0.4919080328020148,0.011183380065301436,0.003270445171602449,0.0052400427746046845],[-0.26997608410191076,0.1378514561723534,-0.24966034703672485,0.028734317719748544,0.12533241112454954,-0.04527526612376915,0.27987433674277584,1.0,-0.09634304761912162,0.020164228896271497,0.11515330296680922,0.0012733384619942366,0.002666271712849156,0.006727835828214777],[0.15711750944610192,0.17172161170108383,0.2458651181476995,0.05243712844031554,0.2785903230008271,0.06001048761011838,-0.0049960555976287,-0.09634304761912162,1.0,-0.1250580699550299,0.008310402659902967,0.016437979144899653,0.018289298772638,0.019431472744113942],[0.012090784008490979,0.00030994673055777954,-0.002339179851242222,0.00041905427191266445,-0.004808618104502748,0.0010362670206058857,0.011420889279189429,0.020164228896271497,-0.1250580699550299,1.0,0.004942630994152044,-0.005567807509461322,-0.009637362605927397,-0.013536927476146758],[-0.0069840673938886015,0.0036935496255587315,-0.01051306572113874,-0.011291194769543858,0.004681790913807936,0.011297000229909622,0.4919080328020148,0.11515330296680922,0.008310402659902967,0.004942630994152044,1.0,0.022609242257852668,0.00429545867652417,-0.0008219282761604081],[-0.004164940943490866,0.0029641040478375737,-0.006764571519264325,-0.002060373701229185,0.0004162917793753314,0.00034052354800255476,0.011183380065301436,0.0012733384619942366,0.016437979144899653,-0.005567807509461322,0.022609242257852668,1.0,0.5767333805964437,0.40072258028340735],[-0.004225956732591764,0.006817230175378572,-0.010431737476028673,-0.004347019883728126,0.00021328146425962218,0.0017250633271594638,0.003270445171602449,0.002666271712849156,0.018289298772638,-0.009637362605927397,0.00429545867652417,0.5767333805964437,1.0,0.7016878070325915],[-0.0004605822668028193,0.014135011231407002,-0.010831828723616101,-0.004926372714544698,0.0012185607237305744,-0.0018839850235258884,0.0052400427746046845,0.006727835828214777,0.019431472744113942,-0.013536927476146758,-0.0008219282761604081,0.40072258028340735,0.7016878070325915,1.0]],"zmax":1,"zmin":-1,"type":"heatmap"}],                        {"template":{"data":{"barpolar":[{"marker":{"line":{"color":"rgb(17,17,17)","width":0.5},"pattern":{"fillmode":"overlay","size":10,"solidity":0.2}},"type":"barpolar"}],"bar":[{"error_x":{"color":"#f2f5fa"},"error_y":{"color":"#f2f5fa"},"marker":{"line":{"color":"rgb(17,17,17)","width":0.5},"pattern":{"fillmode":"overlay","size":10,"solidity":0.2}},"type":"bar"}],"carpet":[{"aaxis":{"endlinecolor":"#A2B1C6","gridcolor":"#506784","linecolor":"#506784","minorgridcolor":"#506784","startlinecolor":"#A2B1C6"},"baxis":{"endlinecolor":"#A2B1C6","gridcolor":"#506784","linecolor":"#506784","minorgridcolor":"#506784","startlinecolor":"#A2B1C6"},"type":"carpet"}],"choropleth":[{"colorbar":{"outlinewidth":0,"ticks":""},"type":"choropleth"}],"contourcarpet":[{"colorbar":{"outlinewidth":0,"ticks":""},"type":"contourcarpet"}],"contour":[{"colorbar":{"outlinewidth":0,"ticks":""},"colorscale":[[0.0,"#0d0887"],[0.1111111111111111,"#46039f"],[0.2222222222222222,"#7201a8"],[0.3333333333333333,"#9c179e"],[0.4444444444444444,"#bd3786"],[0.5555555555555556,"#d8576b"],[0.6666666666666666,"#ed7953"],[0.7777777777777778,"#fb9f3a"],[0.8888888888888888,"#fdca26"],[1.0,"#f0f921"]],"type":"contour"}],"heatmapgl":[{"colorbar":{"outlinewidth":0,"ticks":""},"colorscale":[[0.0,"#0d0887"],[0.1111111111111111,"#46039f"],[0.2222222222222222,"#7201a8"],[0.3333333333333333,"#9c179e"],[0.4444444444444444,"#bd3786"],[0.5555555555555556,"#d8576b"],[0.6666666666666666,"#ed7953"],[0.7777777777777778,"#fb9f3a"],[0.8888888888888888,"#fdca26"],[1.0,"#f0f921"]],"type":"heatmapgl"}],"heatmap":[{"colorbar":{"outlinewidth":0,"ticks":""},"colorscale":[[0.0,"#0d0887"],[0.1111111111111111,"#46039f"],[0.2222222222222222,"#7201a8"],[0.3333333333333333,"#9c179e"],[0.4444444444444444,"#bd3786"],[0.5555555555555556,"#d8576b"],[0.6666666666666666,"#ed7953"],[0.7777777777777778,"#fb9f3a"],[0.8888888888888888,"#fdca26"],[1.0,"#f0f921"]],"type":"heatmap"}],"histogram2dcontour":[{"colorbar":{"outlinewidth":0,"ticks":""},"colorscale":[[0.0,"#0d0887"],[0.1111111111111111,"#46039f"],[0.2222222222222222,"#7201a8"],[0.3333333333333333,"#9c179e"],[0.4444444444444444,"#bd3786"],[0.5555555555555556,"#d8576b"],[0.6666666666666666,"#ed7953"],[0.7777777777777778,"#fb9f3a"],[0.8888888888888888,"#fdca26"],[1.0,"#f0f921"]],"type":"histogram2dcontour"}],"histogram2d":[{"colorbar":{"outlinewidth":0,"ticks":""},"colorscale":[[0.0,"#0d0887"],[0.1111111111111111,"#46039f"],[0.2222222222222222,"#7201a8"],[0.3333333333333333,"#9c179e"],[0.4444444444444444,"#bd3786"],[0.5555555555555556,"#d8576b"],[0.6666666666666666,"#ed7953"],[0.7777777777777778,"#fb9f3a"],[0.8888888888888888,"#fdca26"],[1.0,"#f0f921"]],"type":"histogram2d"}],"histogram":[{"marker":{"pattern":{"fillmode":"overlay","size":10,"solidity":0.2}},"type":"histogram"}],"mesh3d":[{"colorbar":{"outlinewidth":0,"ticks":""},"type":"mesh3d"}],"parcoords":[{"line":{"colorbar":{"outlinewidth":0,"ticks":""}},"type":"parcoords"}],"pie":[{"automargin":true,"type":"pie"}],"scatter3d":[{"line":{"colorbar":{"outlinewidth":0,"ticks":""}},"marker":{"colorbar":{"outlinewidth":0,"ticks":""}},"type":"scatter3d"}],"scattercarpet":[{"marker":{"colorbar":{"outlinewidth":0,"ticks":""}},"type":"scattercarpet"}],"scattergeo":[{"marker":{"colorbar":{"outlinewidth":0,"ticks":""}},"type":"scattergeo"}],"scattergl":[{"marker":{"line":{"color":"#283442"}},"type":"scattergl"}],"scattermapbox":[{"marker":{"colorbar":{"outlinewidth":0,"ticks":""}},"type":"scattermapbox"}],"scatterpolargl":[{"marker":{"colorbar":{"outlinewidth":0,"ticks":""}},"type":"scatterpolargl"}],"scatterpolar":[{"marker":{"colorbar":{"outlinewidth":0,"ticks":""}},"type":"scatterpolar"}],"scatter":[{"marker":{"line":{"color":"#283442"}},"type":"scatter"}],"scatterternary":[{"marker":{"colorbar":{"outlinewidth":0,"ticks":""}},"type":"scatterternary"}],"surface":[{"colorbar":{"outlinewidth":0,"ticks":""},"colorscale":[[0.0,"#0d0887"],[0.1111111111111111,"#46039f"],[0.2222222222222222,"#7201a8"],[0.3333333333333333,"#9c179e"],[0.4444444444444444,"#bd3786"],[0.5555555555555556,"#d8576b"],[0.6666666666666666,"#ed7953"],[0.7777777777777778,"#fb9f3a"],[0.8888888888888888,"#fdca26"],[1.0,"#f0f921"]],"type":"surface"}],"table":[{"cells":{"fill":{"color":"#506784"},"line":{"color":"rgb(17,17,17)"}},"header":{"fill":{"color":"#2a3f5f"},"line":{"color":"rgb(17,17,17)"}},"type":"table"}]},"layout":{"annotationdefaults":{"arrowcolor":"#f2f5fa","arrowhead":0,"arrowwidth":1},"autotypenumbers":"strict","coloraxis":{"colorbar":{"outlinewidth":0,"ticks":""}},"colorscale":{"diverging":[[0,"#8e0152"],[0.1,"#c51b7d"],[0.2,"#de77ae"],[0.3,"#f1b6da"],[0.4,"#fde0ef"],[0.5,"#f7f7f7"],[0.6,"#e6f5d0"],[0.7,"#b8e186"],[0.8,"#7fbc41"],[0.9,"#4d9221"],[1,"#276419"]],"sequential":[[0.0,"#0d0887"],[0.1111111111111111,"#46039f"],[0.2222222222222222,"#7201a8"],[0.3333333333333333,"#9c179e"],[0.4444444444444444,"#bd3786"],[0.5555555555555556,"#d8576b"],[0.6666666666666666,"#ed7953"],[0.7777777777777778,"#fb9f3a"],[0.8888888888888888,"#fdca26"],[1.0,"#f0f921"]],"sequentialminus":[[0.0,"#0d0887"],[0.1111111111111111,"#46039f"],[0.2222222222222222,"#7201a8"],[0.3333333333333333,"#9c179e"],[0.4444444444444444,"#bd3786"],[0.5555555555555556,"#d8576b"],[0.6666666666666666,"#ed7953"],[0.7777777777777778,"#fb9f3a"],[0.8888888888888888,"#fdca26"],[1.0,"#f0f921"]]},"colorway":["#636efa","#EF553B","#00cc96","#ab63fa","#FFA15A","#19d3f3","#FF6692","#B6E880","#FF97FF","#FECB52"],"font":{"color":"#f2f5fa"},"geo":{"bgcolor":"rgb(17,17,17)","lakecolor":"rgb(17,17,17)","landcolor":"rgb(17,17,17)","showlakes":true,"showland":true,"subunitcolor":"#506784"},"hoverlabel":{"align":"left"},"hovermode":"closest","mapbox":{"style":"dark"},"paper_bgcolor":"rgb(17,17,17)","plot_bgcolor":"rgb(17,17,17)","polar":{"angularaxis":{"gridcolor":"#506784","linecolor":"#506784","ticks":""},"bgcolor":"rgb(17,17,17)","radialaxis":{"gridcolor":"#506784","linecolor":"#506784","ticks":""}},"scene":{"xaxis":{"backgroundcolor":"rgb(17,17,17)","gridcolor":"#506784","gridwidth":2,"linecolor":"#506784","showbackground":true,"ticks":"","zerolinecolor":"#C8D4E3"},"yaxis":{"backgroundcolor":"rgb(17,17,17)","gridcolor":"#506784","gridwidth":2,"linecolor":"#506784","showbackground":true,"ticks":"","zerolinecolor":"#C8D4E3"},"zaxis":{"backgroundcolor":"rgb(17,17,17)","gridcolor":"#506784","gridwidth":2,"linecolor":"#506784","showbackground":true,"ticks":"","zerolinecolor":"#C8D4E3"}},"shapedefaults":{"line":{"color":"#f2f5fa"}},"sliderdefaults":{"bgcolor":"#C8D4E3","bordercolor":"rgb(17,17,17)","borderwidth":1,"tickwidth":0},"ternary":{"aaxis":{"gridcolor":"#506784","linecolor":"#506784","ticks":""},"baxis":{"gridcolor":"#506784","linecolor":"#506784","ticks":""},"bgcolor":"rgb(17,17,17)","caxis":{"gridcolor":"#506784","linecolor":"#506784","ticks":""}},"title":{"x":0.05},"updatemenudefaults":{"bgcolor":"#506784","borderwidth":0},"xaxis":{"automargin":true,"gridcolor":"#283442","linecolor":"#506784","ticks":"","title":{"standoff":15},"zerolinecolor":"#283442","zerolinewidth":2},"yaxis":{"automargin":true,"gridcolor":"#283442","linecolor":"#506784","ticks":"","title":{"standoff":15},"zerolinecolor":"#283442","zerolinewidth":2}}},"title":{"font":{"size":20,"color":"#DCE7FF"},"text":"Feature / price / return correlation heatmap","x":0.01},"font":{"color":"#DCE7FF","family":"Inter, Arial, Helvetica, sans-serif","size":12},"legend":{"orientation":"h","yanchor":"bottom","y":1.02,"xanchor":"left","x":0,"bgcolor":"rgba(5,8,22,0.72)","bordercolor":"#20304A","borderwidth":1},"margin":{"l":58,"r":32,"t":76,"b":42},"height":710,"paper_bgcolor":"#050816","plot_bgcolor":"#0B1020","hovermode":"x unified","xaxis":{"showgrid":true,"gridcolor":"#24324A","zeroline":false},"yaxis":{"showgrid":true,"gridcolor":"#24324A","zeroline":false,"autorange":true}},                        {"displaylogo": false, "responsive": true, "scrollZoom": true}                    )                };                            </script>        </div></div>
      <div class="panel-title">High Correlation Feature Pairs</div>
      <div class="table-wrap"><table id="high-corr-table" data-sortable="true"><thead><tr><th>feature_a</th><th>feature_b</th><th>correlation</th></tr></thead><tbody></tbody></table></div>
    </div>
  </div>
  <script src="assets/js/plotly.min.js"></script>
  <script src="assets/js/table.js"></script>
</body>
</html>